# oST version 5.0 parameters


[image]

width
640

height
480

[narrow_stereo]

camera matrix
732.605581 0.000000 179.398144
0.000000 702.613509 231.893715
0.000000 0.000000 1.000000

distortion
0.199984 -0.000136 -0.015266 -0.087766 0.000000

rectification
1.000000 0.000000 0.000000
0.000000 1.000000 0.000000
0.000000 0.000000 1.000000

projection
716.284485 0.000000 154.946004 0.000000
0.000000 747.972839 228.098730 0.000000
0.000000 0.000000 1.000000 0.000000
